00000000000000000000
00000000000000000000
00010111111111101000
00110011111111001100
00111000000000011100
00111000000000011100
00111000000000011100
00110000000000001100
00100000000000000100
00000000000000000000
00100000000000000100
00110000000000001100
00111000000000011100
00111000000000011100
00111000000000011100
00110011111111001100
00010111111111101000
00000000000000000000
00000000000000000000

00000000000000000000
00000000000000000000
00000000000000001000
00000000000000001100
00000000000000011100
00000000000000011100
00000000000000011100
00000000000000001100
00000000000000000100
00000000000000000000
00000000000000000100
00000000000000001100
00000000000000011100
00000000000000011100
00000000000000011100
00000000000000001100
00000000000000001000
00000000000000000000
00000000000000000000

00000000000000000000
00000000000000000000
00000111111111101000
00000011111111001100
00000000000000011100
00000000000000011100
00000000000000011100
00000000000000001100
00000111111111100100
00001111111111110000
00100111111111100000
00110000000000000000
00111000000000000000
00111000000000000000
00111000000000000000
00110011111111000000
00010111111111100000
00000000000000000000
00000000000000000000

00000000000000000000
00000000000000000000
00000111111111101000
00000011111111001100
00000000000000011100
00000000000000011100
00000000000000011100
00000000000000001100
00000111111111100100
00001111111111110000
00000111111111100100
00000000000000001100
00000000000000011100
00000000000000011100
00000000000000011100
00000011111111001100
00000111111111101000
00000000000000000000
00000000000000000000

00000000000000000000
00000000000000000000
00010000000000001000
00110000000000001100
00111000000000011100
00111000000000011100
00111000000000011100
00110000000000001100
00100111111111100100
00001111111111110000
00000111111111100100
00000000000000001100
00000000000000011100
00000000000000011100
00000000000000011100
00000000000000001100
00000000000000001000
00000000000000000000
00000000000000000000

00000000000000000000
00000000000000000000
00010111111111100000
00110011111111000000
00111000000000000000
00111000000000000000
00111000000000000000
00110000000000000000
00100111111111100000
00001111111111110000
00000111111111100100
00000000000000001100
00000000000000011100
00000000000000011100
00000000000000011100
00000011111111001100
00000111111111101000
00000000000000000000
00000000000000000000

00000000000000000000
00000000000000000000
00010111111111100000
00110011111111000000
00111000000000000000
00111000000000000000
00111000000000000000
00110000000000000000
00100111111111100000
00001111111111110000
00100111111111100100
00110000000000001100
00111000000000011100
00111000000000011100
00111000000000011100
00110011111111001100
00010111111111101000
00000000000000000000
00000000000000000000

00000000000000000000
00000000000000000000
00000111111111101000
00000011111111001100
00000000000000011100
00000000000000011100
00000000000000011100
00000000000000001100
00000000000000000100
00000000000000000000
00000000000000000100
00000000000000001100
00000000000000011100
00000000000000011100
00000000000000011100
00000000000000001100
00000000000000001000
00000000000000000000
00000000000000000000

00000000000000000000
00000000000000000000
00010111111111101000
00110011111111001100
00111000000000011100
00111000000000011100
00111000000000011100
00110000000000001100
00100111111111100100
00001111111111110000
00100111111111100100
00110000000000001100
00111000000000011100
00111000000000011100
00111000000000011100
00110011111111001100
00010111111111101000
00000000000000000000
00000000000000000000

00000000000000000000
00000000000000000000
00010111111111101000
00110011111111001100
00111000000000011100
00111000000000011100
00111000000000011100
00110000000000001100
00100111111111100100
00001111111111110000
00000111111111100100
00000000000000001100
00000000000000011100
00000000000000011100
00000000000000011100
00000011111111001100
00000111111111101000
00000000000000000000
00000000000000000000
